叶子,40,40,8,0,16,4,2,0,0,2,4,0,0,0,2,0,0,2,0,false
叶子,3332,3332,285,2,8,2,4,64,2,128,256,4,128,8,16,2,8,4,2,false
叶子,0,3332,0,0,0,0,2,0,0,4,0,0,0,0,0,0,0,0,0,false
叶子,1248,3332,97,4,2,8,2,8,128,16,4,32,8,64,2,8,2,32,4,false
叶子,0,3332,3,0,0,0,0,0,4,0,0,0,0,0,0,0,2,0,0,false
1,0,0,0,0,0,0,2,4,0,0,0,0,0,0,0,0,0,0,0,false
1,0,0,0,0,0,0,2,4,0,0,0,0,0,0,0,0,0,0,0,false
不能止步于驹,1236,1236,181,8,4,2,4,2,32,128,64,16,4,8,4,8,2,32,2,false
不能止步于驹,2828,2828,285,2,8,16,8,4,128,64,16,32,8,256,2,8,4,16,4,false
不能止步于驹,0,2828,0,0,2,0,0,0,0,0,0,0,0,0,0,0,4,0,0,false
不能止步于驹,0,2828,0,0,0,0,0,0,2,0,0,0,0,0,0,4,0,0,0,false
不能止步于驹,0,2828,0,0,0,0,0,0,2,0,0,0,0,0,0,4,0f,0,0,false
叶子,0,3332,3,0,0,0,0,0,4,0,0,0,0,0,0,0,2,0,0,false
叶子,0,3332,3,0,0,0,0,0,4,0,0,0,0,0,0,0,2,0,0,false,2
叶子,0,3332,0,0,0,2,4,0,0,0,0,0,0,0,0,0,0,0,0,false
叶子,0,3332,0,0,0,2,4,0,0,0,0,0,0,0,0,0,0,0,0,false
叶子,0,3332,0,0,0,2,4,0,0,0,0,0,0,0,0,0,0,0,0,false
叶子,0,3332,0,0,0,0,0,0,0,0,0,0,0,2,0,0,4,0,0,false
1,8,8,9,8,2,4,2,2,0,2,2,0,0,0,0,0,0,0,0,false
1,32,32,10,16,2,4,4,0,4,0,0,0,0,0,0,0,0,4,0,false
1,44,44,27,4,8,4,0,16,4,0,4,2,0,0,0,0,0,0,0,false
1,80,80,31,4,16,8,2,16,2,4,0,4,4,0,0,0,0,0,0,false
1,80,80,41,4,16,8,2,16,2,4,0,4,4,2,0,2,2,0,0,false
1,132,132,49,8,32,8,2,0,2,2,4,0,0,8,2,0,2,2,4,false
1,296,296,53,64,8,4,0,4,2,0,0,4,0,0,0,0,0,0,4,false
1,296,296,62,64,8,4,0,4,2,0,0,4,0,0,0,0,0,0,4,false
1,856,856,99,2,128,8,2,4,32,16,0,2,8,4,0,4,2,4,0,false
1,856,856,101,2,128,8,2,4,32,16,0,2,8,4,0,4,2,4,0,false
答辩,0,0,0,4,2,0,0,0,0,0,0,0,0,0,0,0,0,0,0,false
答辩,0,0,0,4,2,0,0,0,0,0,0,0,0,0,0,0,0,0,0,false 1
答辩3,0,0,0,0,0,0,0,0,0,0,0,0,2,0,0,0,0,0,4,false
答辩,0,0,0,0,0,0,0,0,0,0,0,0,0,4,0,0,0,2,0,false 1
答辩,540,540,16,2,32,2,4,8,2,32,4,4,8,64,2,2,4,16,8,false
答辩,0,540,0,0,0,0,0,0,4,0,0,0,0,0,0,0,2,0,0,false
叶子,0,3332,0,0,0,0,0,0,0,0,0,0,0,2,0,0,4,0,0,false
1,0,856,0,0,0,0,0,0,0,0,0,0,0,0,0,0,4,2,0,false
1,0,856,0,0,0,0,4,0,0,0,0,0,0,0,0,2,0,0,0,false
叶子,436,3332,32,16,64,8,2,4,16,2,8,16,4,8,4,0,2,4,0,false
叶子2,0,0,0,0,0,0,0,0,0,0,0,4,0,0,2,0,0,0,0,false
1,24,856,5,8,8,0,4,4,0,0,0,0,0,0,0,0,0,0,4,false
1,88,856,10,4,16,8,2,16,2,4,0,4,0,0,0,8,2,0,0,false
1,164,856,15,4,16,8,0,32,4,8,0,4,4,2,0,0,0,0,0,false
1,164,856,15,4,16,8,0,32,4,8,0,4,4,2,0,0,0,0,0,false
不能止步于驹,0,2828,0,0,0,0,0,0,2,0,0,0,0,0,0,4,0,0,0,false
不能止步于驹,0,2828,0,0,0,0,0,0,2,0,0,0,0,0,0,4,0,0,0,false
1,164,856,15,4,16,8,0,32,4,8,0,4,4,2,0,0,0,0,0,false
1,164,856,15,4,16,8,0,32,4,8,0,4,4,2,0,0,0,0,0,false
1,164,856,15,4,16,8,0,32,4,8,0,4,4,2,0,0,0,0,0,false
1,164,856,15,4,16,8,0,32,4,8,0,4,4,2,0,0,0,0,0,false
1,364,856,33,32,4,32,2,4,2,8,32,16,4,2,0,4,0,0,0,false
1,0,856,0,2,0,0,0,0,0,0,0,0,0,0,0,0,0,0,4,false
叶子,0,0,0,0,0,0,0,0,0,0,2,0,0,0,0,0,0,0,4,false,0
叶子,0,0,0,0,0,0,0,0,0,0,2,0,0,0,0,0,0,0,4,false,0
叶子,44,44,8,16,1,8,2,4,0,0,0,0,0,0,0,0,0,4,0,false,1
叶子,44,44,8,16,1,8,2,4,0,0,0,0,0,0,0,0,0,4,0,false,1
叶子,144,3332,38,2,4,8,32,4,8,4,8,2,4,2,4,0,0,2,0,false,2
1,712,712,31,128,16,2,4,2,0,0,0,4,2,0,0,0,0,0,0,false,0
1,1076,1076,86,8,128,32,2,2,4,8,4,64,2,0,0,4,0,0,0,false,0
1,0,0,0,0,0,0,0,0,0,0,2,0,0,1,0,0,0,0,0,false,1
1,28,28,19,1,8,4,0,8,4,0,0,4,0,0,0,0,0,0,0,false,1
1,28,28,28,1,8,4,0,8,4,0,0,4,0,0,0,0,0,0,0,false,1
1,568,568,18,32,64,16,4,4,32,8,2,16,4,2,0,8,2,4,0,false,2
1,244,568,24,8,32,16,4,4,16,8,2,16,4,0,0,4,2,4,0,false,2
1,68,568,51,2,16,8,0,8,4,0,0,4,0,0,0,0,4,0,0,false,2
1,0,568,2,0,0,0,0,0,4,0,0,0,0,0,0,0,0,0,2,false,2
1,1252,1252,100,2,64,4,128,0,4,2,64,0,0,8,8,0,4,0,4,false,0
1,1356,1356,121,4,64,4,128,16,4,64,4,4,8,16,2,16,4,0,2,false,0
1,1368,1368,126,4,64,4,128,16,4,64,4,4,8,16,2,2,16,8,4,false,0
1,0,1368,1,0,0,0,0,0,4,0,0,0,2,0,0,0,0,0,0,false,0
1,32,568,7,4,8,4,8,2,4,8,2,4,0,0,0,0,0,2,0,false,2
1,72,568,5,16,8,0,0,4,0,0,0,8,0,0,0,8,0,4,0,false,2
1,136,568,11,0,4,32,8,2,8,2,4,0,0,0,8,0,0,2,4,false,2
1,436,436,52,4,1,32,8,0,2,16,2,4,0,64,4,0,0,0,4,false,1
1,500,500,59,16,1,32,8,4,2,16,8,64,8,8,0,4,2,4,0,false,1
1,44,568,5,2,0,16,8,0,0,0,2,0,0,0,4,0,0,0,4,false,2
1,48,1368,0,2,16,0,0,8,4,0,2,2,0,0,0,0,0,0,0,false,0
